      Epoch    GPU_mem   box_loss   cls_loss   dfl_loss  Instances       Size         P         R     mAP50   mAP50-95   
      1/300      1.27G      1.594      2.925      3.731          5        608    0.5067    0.2241    0.1609   0.04038
      2/300      1.36G      1.554      2.412      3.621          4        608    0.2861    0.4419    0.3216    0.1305
      3/300      1.37G      1.428      2.162      3.513         15        608    0.3514    0.4421    0.3946    0.1967
      4/300      1.47G      1.328      1.955      3.389         19        608    0.4147    0.5555    0.4398    0.2331
      5/300      1.48G      1.242      1.819      3.241         26        608    0.4346     0.591    0.4932    0.2689
      6/300      1.48G      1.196      1.739      3.132          3        608    0.4982    0.5981    0.5342    0.3029
      7/300      1.58G      1.114      1.637      3.014         12        608    0.5003    0.6161    0.5619    0.3222
      8/300      1.58G      1.075      1.599      2.994         17        608     0.529    0.6292    0.5817    0.3268
      9/300      1.58G      1.014       1.53      2.843         12        608    0.5254    0.6512    0.5922    0.3599
     10/300      1.58G     0.9737      1.491      2.771          7        608    0.5306    0.6754    0.6079    0.3615
     11/300      1.58G     0.9569      1.472      2.702          5        608    0.5409    0.6567    0.6058    0.3762
     12/300      1.58G     0.9313      1.445      2.646         15        608    0.5459    0.6591    0.6142    0.3892
     13/300      1.58G     0.9162      1.445      2.614         28        608    0.5544    0.6709    0.6193    0.3955
     14/300      1.58G     0.8853      1.396      2.547          8        608    0.5734    0.6775    0.6357    0.3969
     15/300      1.58G     0.8677      1.401      2.512         18        608    0.5569    0.6856      0.64    0.4164
     16/300      1.69G     0.8454      1.385      2.471         17        608    0.5806    0.6662     0.637    0.4122
     17/300      1.69G     0.8387      1.369      2.439          4        608    0.5818    0.6834    0.6586    0.4377
     18/300      1.69G     0.8358      1.362      2.422          8        608    0.5549    0.6817    0.6455    0.4219
     19/300      1.69G     0.8001      1.329      2.378         21        608    0.5645    0.6791    0.6421    0.4177
     20/300      1.69G     0.8017      1.331      2.377          4        608    0.5571    0.6657    0.6318     0.407
     21/300      1.69G     0.7795      1.307      2.321          7        608    0.5704    0.7036    0.6604      0.44
     22/300      1.69G     0.7882      1.306      2.315         10        608    0.5684    0.6735    0.6488    0.4284
     23/300      1.69G     0.7693      1.289      2.285         18        608    0.5841    0.6978    0.6701    0.4518
     24/300      1.69G     0.7551      1.263      2.267          7        608    0.5724    0.6985     0.672    0.4534
     25/300      1.69G     0.7522      1.292      2.261         20        608    0.5723    0.7026    0.6741    0.4527
     26/300      1.69G      0.748      1.259      2.244          6        608    0.5696    0.6835    0.6583    0.4349
     27/300      1.69G     0.7402      1.255      2.218          5        608    0.5849    0.7104    0.6784    0.4548
     28/300      1.69G     0.7428      1.268      2.222          5        608    0.5761    0.7168     0.679    0.4634
     29/300      1.69G     0.7333       1.25       2.19         23        608    0.5909    0.7004    0.6749    0.4623
     30/300      1.69G      0.724      1.235      2.195          8        608    0.5676    0.6947    0.6641    0.4404
     31/300      1.69G     0.7179      1.237      2.164          2        608     0.566     0.712    0.6768    0.4514
     32/300      1.69G      0.712      1.219      2.149         32        608    0.5883    0.6933    0.6742     0.458
     33/300      1.69G     0.7219      1.222       2.16         16        608    0.6045    0.7055    0.6876    0.4661
     34/300      1.69G     0.6941      1.207       2.12          8        608    0.6014    0.7057    0.6881    0.4757
     35/300      1.69G     0.7005      1.213      2.129          9        608    0.5893    0.6976    0.6773    0.4614
     36/300      1.69G     0.6985       1.21      2.125         12        608    0.5921    0.6941    0.6802     0.468
     37/300      1.69G     0.6884      1.196      2.099         11        608    0.5868    0.7298    0.7031    0.4861
     38/300      1.69G      0.678      1.183       2.09         21        608    0.6325    0.6915    0.6944    0.4818
     39/300      1.69G     0.6771       1.19      2.078         24        608    0.6215    0.7012    0.6964    0.4859
     40/300      1.69G     0.6894      1.181      2.079         13        608    0.6152    0.7137    0.6989    0.4927
     41/300      1.69G     0.6729      1.163      2.064          7        608    0.5957    0.7228    0.7044    0.4895
     42/300      1.69G     0.6803      1.176      2.069         15        608    0.6229    0.7109    0.7027    0.4927
     43/300      1.69G     0.6627      1.148      2.032         18        608    0.6158    0.6732    0.6774    0.4733
     44/300      1.69G     0.6728      1.168      2.055          3        608    0.6124    0.7099    0.7069    0.4947
     45/300      1.69G     0.6704      1.156       2.06          8        608    0.6074    0.7168    0.7037    0.4908
     46/300      1.69G     0.6566      1.152      2.012         11        608    0.6177    0.7164    0.7126    0.5026
     47/300      1.69G     0.6477      1.136      2.009          8        608    0.6133    0.7201    0.7094    0.5004
     48/300      1.69G     0.6491      1.146      2.001          4        608    0.6024    0.6752    0.6751    0.4737
     49/300      1.69G     0.6527      1.146      2.023         20        608    0.6179    0.7173    0.7073     0.499
     50/300      1.69G     0.6429      1.144      2.005         13        608    0.6073    0.7267    0.7104    0.5023
     51/300      1.69G     0.6472      1.134      2.008         12        608    0.6367    0.7059    0.7206    0.5109
     52/300      1.69G     0.6478      1.147      1.992         11        608    0.6352     0.725    0.7248     0.513
     53/300      1.69G     0.6394      1.129      1.976          8        608    0.6378    0.7075    0.7197     0.514
     54/300      1.69G     0.6464      1.125      2.002          7        608    0.6484    0.6965    0.7145    0.5053
     55/300      1.69G     0.6452      1.134      1.986          8        608    0.6039    0.7407    0.7181    0.5126
     56/300      1.69G     0.6373      1.118      1.968         11        608    0.6335    0.7093    0.7171    0.5078
     57/300      1.69G     0.6436       1.12      1.975          9        608    0.6333    0.7152    0.7188    0.5128
     58/300      1.69G     0.6405      1.136      1.971         11        608    0.6435    0.7065    0.7181    0.5112
     59/300      1.69G     0.6288      1.107      1.952          8        608    0.6481    0.7103    0.7257    0.5152
     60/300      1.69G     0.6286      1.112      1.948         14        608    0.6244    0.7248     0.722    0.5168
     61/300      1.69G     0.6242      1.102       1.94          7        608    0.6387    0.7162    0.7268    0.5214
     62/300      1.69G     0.6188      1.101      1.937         17        608    0.6425    0.7253    0.7315    0.5248
     63/300      1.69G     0.6247        1.1      1.944         11        608     0.631    0.7155    0.7194    0.5153
     64/300      1.69G     0.6246      1.096      1.937         28        608    0.6401    0.7188    0.7283    0.5223
     65/300      1.69G     0.6273       1.11      1.961         22        608    0.6425    0.7277    0.7347    0.5272
     66/300      1.69G     0.6101      1.086      1.911          9        608    0.6369    0.7131    0.7216    0.5163
     67/300      1.69G     0.6151      1.076      1.919          7        608    0.6539    0.7131    0.7328    0.5271
     68/300      1.69G     0.6108      1.092       1.91         10        608    0.6525     0.721    0.7375    0.5308
     69/300      1.69G     0.6079        inf      1.909          0        608    0.6345    0.7285    0.7366    0.5283
     70/300      1.69G     0.6111      1.079      1.901          2        608    0.6589    0.7022    0.7294    0.5261
     71/300      1.69G      0.614      1.086       1.92         16        608    0.6479    0.7256    0.7415    0.5352
     72/300      1.69G     0.6149      1.086      1.911         13        608    0.6464    0.7213     0.738    0.5309
     73/300      1.69G     0.6093      1.072      1.911         12        608    0.6491    0.7219    0.7356    0.5317
     74/300      1.69G     0.6171      1.076      1.911          6        608    0.6368    0.7273    0.7349    0.5317
     75/300      1.69G     0.6165      1.084      1.908          3        608     0.636    0.7214    0.7286    0.5242
     76/300      1.69G     0.6096      1.077      1.898         17        608    0.6502    0.7228    0.7436    0.5386
     77/300      1.69G     0.6162      1.075      1.896         20        608    0.6428    0.7331    0.7427    0.5386
     78/300      1.69G     0.5985       1.06      1.881         12        608    0.6475    0.7189     0.733    0.5281
     79/300      1.69G     0.6033        inf      1.883          1        608    0.6315    0.7353    0.7331    0.5301
     80/300      1.69G     0.5953      1.052      1.864          7        608    0.6461    0.7311    0.7405    0.5373
     81/300      1.69G     0.6082      1.056      1.897         21        608     0.658    0.7302     0.747    0.5428
     82/300      1.69G     0.6043      1.074      1.891          2        608    0.6445    0.7188    0.7281    0.5272
     83/300      1.69G     0.5953      1.055      1.871         12        608    0.6697    0.7303      0.75    0.5456
     84/300      1.69G     0.5966      1.058      1.865         17        608    0.6674    0.7252    0.7487    0.5454
     85/300      1.69G     0.5894      1.047      1.867         12        608    0.6604    0.7284    0.7475     0.543
     86/300      1.69G     0.6022      1.053       1.88         12        608    0.6615    0.7221    0.7455    0.5441
     87/300      1.69G     0.6125      1.076      1.883         16        608    0.6544    0.7282    0.7461    0.5439
     88/300      1.69G     0.5845      1.036      1.849         10        608    0.6511    0.7166    0.7348    0.5368
     89/300      1.69G     0.5872      1.037      1.864          3        608    0.6594    0.7275    0.7431     0.541
     90/300      1.69G     0.5942       1.04      1.868          5        608     0.659    0.7225     0.748    0.5442
     91/300      1.69G     0.5849       1.03      1.844         13        608    0.6609    0.7283    0.7527    0.5465
     92/300      1.69G      0.599      1.051      1.856         30        608    0.6768    0.7233    0.7524    0.5508
     93/300      1.69G     0.5978      1.054      1.869         14        608    0.6662    0.7283    0.7521    0.5444
     94/300      1.69G     0.5981      1.054      1.866          5        608    0.6611    0.7242    0.7467    0.5417
     95/300      1.69G     0.5967      1.041       1.86          5        608    0.6492    0.7406      0.75    0.5463
     96/300      1.69G     0.5822      1.026      1.845          2        608    0.6695    0.7371    0.7582    0.5538
     97/300      1.69G      0.593       1.05      1.861          2        608    0.6633    0.7319    0.7502    0.5476
     98/300      1.69G     0.5773      1.027       1.83         10        608     0.651    0.7402    0.7498    0.5478
     99/300      1.69G     0.5863      1.016      1.833          1        608    0.6524    0.7278    0.7479    0.5452
    100/300      1.69G      0.579      1.019      1.837         23        608    0.6689    0.7095    0.7429    0.5419
    101/300      1.69G     0.5893      1.043      1.848         13        608    0.6494    0.7388    0.7445    0.5436
    102/300      1.69G     0.5814      1.037       1.85         12        608    0.6373    0.7247    0.7373    0.5382
    103/300      1.69G     0.5865      1.042      1.849          5        608    0.6763    0.7117    0.7505    0.5488
    104/300      1.69G     0.5701       1.01      1.816         18        608    0.6655    0.7421      0.76    0.5556
    105/300      1.69G     0.5791      1.022       1.84          6        608      0.67    0.7269     0.754    0.5536
    106/300      1.69G     0.5769      1.021      1.826          6        608    0.6571    0.7271    0.7492     0.548
    107/300      1.69G     0.5845       1.03      1.843         11        608    0.6692    0.7369    0.7593    0.5577
    108/300      1.69G      0.591      1.046      1.851         12        608    0.6602    0.7376    0.7541    0.5529
    109/300      1.69G     0.5718      1.014      1.813         15        608    0.6681    0.7312    0.7543    0.5535
    110/300      1.69G     0.5826      1.028      1.849          2        608    0.6624    0.7371     0.753    0.5532
    111/300      1.69G     0.5735      1.028      1.819         10        608    0.6701    0.7401    0.7564    0.5581
    112/300      1.69G      0.589       1.03      1.847          4        608    0.6776    0.7294    0.7599    0.5579
    113/300      1.69G     0.5763      1.013      1.832         22        608    0.6862    0.7302    0.7634    0.5634
    114/300      1.69G     0.5736      1.023      1.814         14        608    0.6725    0.7332    0.7597    0.5572
    115/300      1.69G     0.5817      1.025      1.833          7        608    0.6665    0.7356    0.7577    0.5544
    116/300      1.69G     0.5814      1.018      1.829         13        608    0.6721    0.7344    0.7588    0.5606
    117/300      1.69G     0.5773      1.015      1.812          4        608    0.6749    0.7408    0.7675    0.5648
    118/300      1.69G     0.5792      1.008      1.818          1        608    0.6632    0.7307    0.7533    0.5555
    119/300      1.69G     0.5761      1.014      1.826          3        608    0.6756     0.746    0.7666    0.5653
    120/300      1.69G      0.572      1.003      1.823         14        608    0.6686    0.7465    0.7632    0.5614
    121/300      1.69G     0.5623      1.005      1.795         16        608    0.6816    0.7415    0.7674    0.5655
    122/300      1.69G     0.5701      1.002      1.822         10        608    0.6852      0.74    0.7702    0.5699
    123/300      1.69G     0.5718      1.014      1.807         20        608    0.6823    0.7388     0.771    0.5693
    124/300      1.69G     0.5706     0.9933      1.801          5        608    0.6764    0.7375    0.7665    0.5669
    125/300      1.69G     0.5754      1.017      1.819          5        608    0.6796    0.7335    0.7638    0.5649
    126/300      1.69G     0.5709     0.9958      1.799          2        608    0.6818    0.7476    0.7745    0.5729
    127/300      1.69G     0.5689      1.003       1.79          3        608     0.681    0.7319    0.7572    0.5612
    128/300      1.69G     0.5663      1.002      1.794          5        608      0.69    0.7428    0.7734    0.5733
    129/300      1.69G     0.5648      1.001      1.791         12        608    0.6909    0.7384    0.7735    0.5757
    130/300      1.69G     0.5682      1.023      1.793         29        608    0.6745    0.7365    0.7636    0.5666
    131/300      1.69G     0.5668     0.9898      1.793         20        608     0.684    0.7348     0.767    0.5682
    132/300      1.69G     0.5693        inf      1.795          0        608    0.6861    0.7403    0.7724    0.5736
    133/300      1.69G     0.5694      1.011      1.791          1        608     0.694    0.7335    0.7729    0.5744
    134/300       1.8G     0.5647      1.003      1.795         15        608    0.7028    0.7272    0.7747    0.5756
    135/300       1.8G     0.5686      0.999      1.784          8        608    0.6909    0.7305    0.7739    0.5755
    136/300       1.8G     0.5623     0.9928      1.791          7        608    0.6937     0.729    0.7735    0.5746
    137/300       1.8G     0.5601     0.9849      1.782         21        608    0.6979     0.731    0.7762    0.5781
    138/300       1.8G     0.5629     0.9978      1.766          9        608    0.6784    0.7326    0.7606    0.5613
    139/300       1.8G     0.5741      1.001      1.786          3        608     0.697    0.7262     0.772    0.5726
    140/300       1.8G     0.5644     0.9964      1.778          9        608     0.697    0.7331    0.7762    0.5769
    141/300       1.8G     0.5619      1.003      1.784          4        608    0.6773    0.7619    0.7789    0.5802
    142/300       1.8G     0.5607     0.9872      1.804         11        608    0.6815    0.7367    0.7675    0.5697
    143/300       1.8G     0.5529     0.9839      1.779         21        608    0.6797    0.7606    0.7772    0.5772
    144/300       1.8G     0.5677     0.9951      1.785          7        608    0.6936    0.7427    0.7783    0.5805
    145/300       1.8G     0.5695      1.008      1.794          7        608    0.7032    0.7326    0.7768    0.5781
    146/300       1.8G     0.5631      1.004      1.782         10        608     0.701    0.7211    0.7708    0.5737
    147/300       1.8G     0.5631     0.9894      1.777         13        608    0.6874    0.7421    0.7737     0.576
    148/300       1.8G      0.563     0.9953      1.789         13        608    0.6822    0.7447    0.7662    0.5708
    149/300       1.8G     0.5561     0.9955      1.779         28        608    0.6914    0.7446    0.7773    0.5787
    150/300       1.8G      0.568     0.9921      1.799         12        608    0.6911    0.7484    0.7794    0.5808
    151/300       1.8G     0.5571     0.9902      1.789         18        608    0.6952    0.7398    0.7777    0.5784
    152/300       1.8G     0.5539     0.9774      1.775          7        608    0.6819     0.727    0.7583    0.5645
    153/300       1.8G     0.5515     0.9749       1.77         12        608    0.6956    0.7344    0.7755    0.5793
    154/300       1.8G     0.5547     0.9804      1.771         15        608    0.6885    0.7414    0.7748    0.5771
    155/300       1.8G     0.5603     0.9884      1.785          3        608     0.689    0.7397    0.7782    0.5805
    156/300       1.8G     0.5604     0.9917      1.779         17        608    0.7067    0.7239     0.778    0.5798
    157/300       1.8G      0.561     0.9804      1.778         11        608    0.6884    0.7445    0.7778    0.5807
    158/300       1.8G     0.5458     0.9595      1.743         12        608    0.6897     0.743    0.7775    0.5798
    159/300       1.8G     0.5493     0.9757      1.764          6        608    0.6924    0.7468    0.7805     0.582
    160/300       1.8G      0.555     0.9859      1.774         17        608    0.6968    0.7462     0.783    0.5855
    161/300       1.8G     0.5473     0.9818      1.764          3        608    0.6882    0.7492    0.7769    0.5794
    162/300       1.8G     0.5545     0.9689      1.764          3        608    0.6981    0.7308    0.7735    0.5784
    163/300       1.8G      0.554     0.9725      1.776          5        608    0.6809    0.7496    0.7747    0.5782
    164/300       1.8G     0.5618     0.9767      1.762          9        608    0.6928    0.7358    0.7725    0.5745
    165/300       1.8G     0.5446     0.9741      1.757          3        608    0.6931    0.7365     0.775    0.5779
    166/300       1.8G     0.5537      0.986      1.772         15        608    0.6899    0.7484    0.7798    0.5808
    167/300       1.8G     0.5504      0.975      1.754          4        608       0.7      0.74    0.7785    0.5827
    168/300       1.8G     0.5402     0.9646      1.751         16        608    0.6864    0.7527    0.7783    0.5793
    169/300       1.8G     0.5621     0.9689       1.77         11        608    0.6897    0.7507    0.7808    0.5829
    170/300       1.8G     0.5481     0.9645      1.765         10        608    0.6926    0.7449    0.7808     0.583
    171/300       1.8G     0.5386     0.9657      1.737         10        608    0.6871    0.7566    0.7846    0.5876
    172/300       1.8G     0.5572     0.9763      1.777          8        608    0.7113    0.7336    0.7813     0.585
    173/300       1.8G      0.556     0.9809      1.773          4        608     0.694    0.7439    0.7742    0.5796
    174/300       1.8G     0.5462       0.97      1.746         15        608    0.7069    0.7488    0.7858    0.5899
    175/300       1.8G     0.5438     0.9604      1.751          2        608    0.7011    0.7432    0.7804    0.5846
    176/300       1.8G     0.5456        inf      1.745          0        608    0.6994    0.7426    0.7787    0.5824
    177/300       1.8G     0.5515     0.9732      1.757          5        608    0.7006    0.7443    0.7819    0.5849
    178/300       1.8G     0.5556     0.9645       1.76         11        608    0.6946    0.7503     0.782    0.5857
    179/300       1.8G     0.5391     0.9511      1.744          3        608    0.7095    0.7441    0.7862     0.589
    180/300       1.8G     0.5458     0.9668       1.76          7        608    0.7106     0.739    0.7858    0.5887
    181/300       1.8G     0.5503     0.9692      1.762          4        608    0.7156    0.7383    0.7884    0.5927
    182/300       1.8G      0.546     0.9677       1.76         11        608    0.7053    0.7518    0.7918     0.595
    183/300       1.8G      0.541     0.9651      1.732         11        608    0.6977    0.7525    0.7908    0.5942
    184/300       1.8G     0.5474     0.9625      1.748         12        608    0.7081    0.7413    0.7873    0.5899
    185/300       1.8G     0.5444     0.9486      1.746         15        608    0.7012    0.7447    0.7855    0.5896
    186/300       1.8G     0.5525     0.9697      1.747         19        608    0.6918    0.7505    0.7809    0.5851
    187/300       1.8G     0.5417     0.9545      1.758          7        608    0.7005    0.7489    0.7825    0.5862
    188/300       1.8G      0.543      0.965      1.753          8        608    0.7032    0.7439     0.786    0.5925
    189/300       1.8G     0.5497     0.9661       1.76          9        608    0.6957    0.7508    0.7837    0.5874
    190/300       1.8G     0.5468     0.9536      1.743          6        608    0.6991    0.7446    0.7806    0.5852
    191/300       1.8G     0.5328     0.9579      1.732         17        608    0.7154    0.7428     0.791    0.5926
    192/300       1.8G     0.5477     0.9718      1.751         15        608    0.7079    0.7461    0.7875    0.5916
    193/300       1.8G     0.5483     0.9669      1.751          2        608    0.6992    0.7472    0.7844    0.5891
    194/300       1.8G     0.5366     0.9506      1.733         12        608    0.7069    0.7467    0.7889    0.5929
    195/300       1.8G     0.5423       0.97      1.747         22        608    0.7081    0.7421    0.7859    0.5908
    196/300       1.8G     0.5419     0.9663      1.745          4        608    0.7015    0.7456     0.783     0.588
    197/300       1.8G     0.5468     0.9486      1.746          9        608    0.7047    0.7447    0.7896    0.5925
    198/300       1.8G      0.537     0.9482       1.74         15        608    0.7163    0.7474    0.7936    0.5962
    199/300       1.8G      0.545     0.9521      1.734          5        608    0.7056    0.7523     0.789    0.5901
    200/300       1.8G     0.5436     0.9494      1.744          6        608    0.7013    0.7558    0.7883    0.5926
    201/300       1.8G     0.5465     0.9601      1.744          9        608    0.7019    0.7479    0.7864    0.5913
    202/300       1.8G     0.5452     0.9678      1.742         31        608      0.71    0.7415     0.788    0.5907
    203/300       1.8G     0.5491     0.9603       1.77          5        608    0.7006    0.7463    0.7845    0.5885
    204/300       1.8G     0.5415     0.9408      1.734         13        608    0.6892     0.762    0.7883     0.592
    205/300       1.8G     0.5419     0.9628      1.736         17        608    0.6922    0.7566    0.7823    0.5874
    206/300       1.8G      0.547     0.9616       1.75          7        608    0.6991     0.756    0.7899     0.595
    207/300       1.8G     0.5359     0.9403      1.733          5        608    0.7018    0.7475    0.7882    0.5913
    208/300       1.8G     0.5325     0.9329       1.72          4        608     0.696    0.7576    0.7878    0.5924
    209/300       1.8G     0.5398     0.9286       1.73          4        608    0.6992    0.7592    0.7937    0.5976
    210/300       1.8G     0.5508      0.948      1.746         25        608    0.7042    0.7541    0.7908    0.5963
    211/300       1.8G      0.536     0.9388      1.736         14        608    0.7028    0.7582    0.7911    0.5955
    212/300       1.8G     0.5396     0.9442      1.737          5        608    0.6968     0.763    0.7912    0.5968
    213/300       1.8G     0.5332      0.928       1.73          7        608    0.6939    0.7641    0.7905    0.5966
    214/300       1.8G     0.5331     0.9384      1.732         26        608    0.6899    0.7643    0.7915    0.5965
    215/300       1.8G     0.5342     0.9338      1.717         13        608    0.6983     0.758    0.7902    0.5949
    216/300       1.8G     0.5381     0.9434      1.732          8        608    0.6935    0.7629    0.7924    0.5967
    217/300       1.8G     0.5411     0.9402      1.732          7        608    0.7054    0.7605    0.7944    0.5985
    218/300       1.8G     0.5457     0.9535      1.735          2        608     0.717    0.7431    0.7938    0.5978
    219/300       1.8G     0.5386     0.9474      1.721          3        608    0.7078    0.7494     0.794    0.5986
    220/300       1.8G     0.5531     0.9556       1.75          7        608    0.7095    0.7453    0.7923    0.5975
    221/300       1.8G     0.5246     0.9292      1.719          9        608    0.7083    0.7485     0.794    0.5996
    222/300       1.8G     0.5365     0.9381      1.727          6        608    0.7103     0.749    0.7928    0.5986
    223/300       1.8G     0.5453     0.9518      1.744         10        608    0.7104    0.7541    0.7947    0.5992
    224/300       1.8G     0.5334     0.9371      1.731         14        608    0.7103    0.7538    0.7945    0.5992
    225/300       1.8G     0.5372     0.9453      1.729          4        608      0.72    0.7405     0.791     0.596
    226/300       1.8G     0.5369     0.9303      1.725         11        608    0.7169    0.7463     0.795    0.5992
    227/300       1.8G     0.5399     0.9578      1.731          2        608    0.7106    0.7456    0.7892    0.5944
    228/300       1.8G     0.5411     0.9485      1.742          6        608    0.7155    0.7421    0.7921    0.5966
    229/300       1.8G     0.5376      0.948      1.725          3        608    0.7055    0.7551    0.7942    0.5977
    230/300       1.8G     0.5371     0.9353      1.721          6        608    0.7161    0.7466    0.7943    0.5986
    231/300       1.8G      0.528     0.9319      1.723         10        608    0.7138    0.7519    0.7982    0.6022
    232/300       1.8G     0.5338     0.9262      1.728         15        608    0.7055    0.7623    0.7975    0.6013
    233/300       1.8G     0.5241     0.9305      1.702          7        608     0.709    0.7574    0.7964    0.5984
    234/300       1.8G     0.5253      0.918      1.709         12        608    0.7231     0.745    0.7992     0.603
    235/300       1.8G     0.5322     0.9383      1.729          5        608    0.7196    0.7493    0.7997    0.6038
    236/300       1.8G     0.5246     0.9195      1.716          4        608     0.725    0.7387     0.798    0.6022
    237/300       1.8G     0.5408     0.9367      1.739          6        608    0.7333    0.7325    0.7985    0.6037
    238/300       1.8G     0.5321     0.9274       1.71          8        608    0.7133    0.7495    0.7949    0.5987
    239/300       1.8G     0.5318      0.944      1.721          7        608    0.7066    0.7568    0.7941     0.599
    240/300       1.8G     0.5255     0.9295      1.708          8        608    0.7171    0.7529    0.7956    0.5994
    241/300       1.8G     0.5258     0.9246      1.715         23        608    0.7097    0.7595    0.7959    0.6009
    242/300       1.8G     0.5272      0.929      1.717         13        608    0.7179    0.7548    0.7982    0.6022
    243/300       1.8G      0.534     0.9322      1.715          7        608    0.7193    0.7525    0.7983    0.6044
    244/300       1.8G     0.5359     0.9384      1.718          7        608    0.7139    0.7607    0.8002    0.6058
    245/300       1.8G     0.5382     0.9293      1.719         23        608    0.7191     0.754    0.8011    0.6076
    246/300       1.8G     0.5328     0.9173      1.725         10        608    0.7156    0.7507    0.7983    0.6045
    247/300       1.8G      0.534      0.937      1.728          9        608    0.7158    0.7547    0.7966    0.6021
    248/300       1.8G     0.5315     0.9296      1.731         12        608    0.7193    0.7531    0.7983    0.6039
    249/300       1.8G     0.5337     0.9319      1.715         11        608    0.7117    0.7559    0.7955     0.601
    250/300       1.8G     0.5419     0.9579      1.721          5        608    0.7132    0.7521    0.7946    0.5988
    251/300       1.8G     0.5324     0.9296       1.72          9        608    0.7186    0.7491    0.7957    0.6012
    252/300       1.8G     0.5358     0.9406      1.718         17        608    0.7182     0.748    0.7945    0.5999
    253/300       1.8G     0.5311     0.9345      1.717         15        608    0.7233    0.7484    0.7982    0.6039
    254/300       1.8G     0.5361     0.9342      1.712          6        608     0.721    0.7484    0.7979    0.6038
    255/300       1.8G     0.5352      0.928      1.721          5        608     0.718    0.7481    0.7966    0.6026
    256/300       1.8G     0.5333     0.9343       1.71         11        608     0.719    0.7522    0.8001    0.6051
    257/300       1.8G     0.5305     0.9266      1.717         14        608    0.7165    0.7517    0.7984    0.6052
    258/300      1.91G     0.5386     0.9312      1.718          4        608    0.7151    0.7611    0.8013    0.6063
    259/300      1.91G     0.5267     0.9178      1.708         17        608    0.7127    0.7582    0.8002    0.6056
    260/300      1.91G     0.5364     0.9289      1.723         16        608     0.723    0.7456    0.8003    0.6067
    261/300      1.91G     0.5366     0.9399      1.728          7        608    0.7149    0.7491     0.799    0.6061
    262/300      1.91G     0.5308      0.921      1.708         16        608    0.7175    0.7521    0.8009    0.6077
    263/300      1.91G     0.5291     0.9283      1.704          9        608    0.7182    0.7538    0.8014    0.6075
    264/300      1.91G     0.5331     0.9363      1.707         22        608    0.7291    0.7422    0.8015    0.6077
    265/300      1.91G     0.5384     0.9511      1.729          6        608    0.7247    0.7494    0.8006    0.6058
    266/300      1.91G     0.5324     0.9349      1.706          7        608    0.7247    0.7471    0.8011    0.6069
    267/300      1.91G     0.5339     0.9278      1.727         22        608    0.7225    0.7478       0.8    0.6065
    268/300      1.91G     0.5328     0.9322      1.719          3        608    0.7277    0.7482    0.8008    0.6068
    269/300      1.91G     0.5365     0.9323      1.721         15        608    0.7226      0.75    0.7983    0.6056
    270/300      1.91G     0.5253     0.9105      1.717          7        608    0.7118    0.7599    0.7992    0.6054
    271/300      1.91G     0.5362     0.9314      1.713         12        608    0.7099    0.7658    0.8014    0.6065
    272/300      1.91G     0.5234     0.9136      1.702         20        608    0.7075    0.7668    0.8009    0.6059
    273/300      1.91G     0.5322     0.9299      1.724          7        608    0.7206    0.7549    0.8022     0.608
    274/300      1.91G     0.5309     0.9281       1.72         14        608    0.7212    0.7559    0.8024    0.6082
    275/300      1.91G     0.5259     0.9254      1.728         12        608    0.7172    0.7581    0.8011    0.6064
    276/300      1.91G     0.5303      0.927      1.722         20        608    0.7087    0.7634    0.7996    0.6054
    277/300      1.91G     0.5283     0.9315      1.709          4        608    0.7135    0.7568    0.7978     0.604
    278/300      1.91G     0.5379      0.928       1.72          3        608    0.7164     0.755    0.7988    0.6057
    279/300      1.91G     0.5197     0.9061      1.696         16        608    0.7164    0.7592    0.7999     0.607
    280/300      1.91G     0.5257     0.9267      1.708         10        608    0.7158    0.7612    0.8005    0.6073
    281/300      1.91G      0.524     0.9151      1.707          6        608    0.7159    0.7593     0.801    0.6071
    282/300      1.91G     0.5298     0.9221      1.707          5        608    0.7242    0.7502    0.8013    0.6077
    283/300      1.91G     0.5293     0.9297      1.706          6        608    0.7196    0.7533    0.8006    0.6073
    284/300      1.91G     0.5216     0.9201      1.697          3        608    0.7206    0.7537    0.8013    0.6069
    285/300      1.91G     0.5283     0.9304      1.704         23        608      0.72    0.7564    0.8011    0.6065
    286/300      1.91G     0.5297      0.934      1.725          3        608    0.7202    0.7604    0.8026    0.6082
    287/300      1.91G     0.5331     0.9292      1.718          4        608    0.7241    0.7583    0.8028    0.6089
    288/300      1.91G     0.5221     0.9167      1.691          9        608    0.7221    0.7553    0.8009     0.607
    289/300      1.91G     0.5244     0.9157      1.703          9        608    0.7206     0.758    0.8024    0.6083
    290/300      1.91G     0.5296      0.925      1.714          5        608    0.7178    0.7603    0.8022     0.608
    291/300      1.91G     0.5342     0.9398      1.717          3        608    0.7223    0.7585    0.8032    0.6093
    292/300      1.91G     0.5305     0.9205      1.721          6        608    0.7198    0.7596    0.8036    0.6097
    293/300      1.91G     0.5257     0.9113      1.714         14        608    0.7226    0.7564    0.8036    0.6107
    294/300      1.91G     0.5245     0.9305      1.705          7        608    0.7209    0.7593    0.8028      0.61
    295/300      1.91G     0.5228     0.9179      1.705          8        608    0.7146    0.7629    0.8023    0.6089
    296/300      1.91G     0.5266     0.9235       1.71         12        608    0.7127    0.7622    0.8014    0.6081
    297/300      1.91G     0.5313     0.9177      1.715         10        608    0.7224    0.7549    0.8015     0.608
    298/300      1.91G     0.5191      0.913      1.692         11        608    0.7252    0.7546    0.8016    0.6078
    299/300      1.91G     0.5289     0.9271      1.703         10        608     0.726    0.7544    0.8013    0.6076
    300/300      1.91G     0.5276     0.9203       1.72          8        608    0.7251    0.7524    0.8008    0.6074
